1.64109825465879
-1.57732060205998
1.47331173972846
0.80228319801497
-0.08958977790996
-0.41654918641623
1.01089037443087
-1.15049657372315
-0.46344786810849
-0.83275937048381
-2.81191850072328
0.87091662775302
0.54681125820932
1.86247040930319
0.24268496653190
0.77561239561793
0.25830677722502
0.48094425605654
-0.72389784116479
-1.50472399383072
0.05993992418979
2.20241490248703
-0.71931136619268
-1.37093679624188
0.05678114111385
-0.07441462905817
0.50648220419254
0.56360140422527
-0.71118736067376
1.35828932158569
-0.68851439267793
-1.79327612779721
-0.48347491979761
-0.14655149129525
-0.89228709921813
-1.75156818458418
-0.23569279594146
0.82018769151540
-1.87888787820883
-0.01652924810375
-0.95433446855952
1.85416211134482
-0.93248464303672
0.90968671343740
-0.27259931819169
2.07992335133251
-1.44962721944304
0.47628766180775
-1.45064144230012
-0.38050184509740
0.08984292814966
1.04168745132242
0.05790372009292
0.34560983085335
-1.58202926189733
-0.16574796203791
1.77259950748300
1.51075850730331
1.15415474686499
-1.60947860153833
0.32669035313962
-0.38495219563365
0.75165832776188
-0.34340401289212
0.73011546196887
0.75867123192114
0.73912084463012
-0.50832896610178
-1.45894431018221
0.93100386901340
1.22997016516978
-0.71202327111364
-0.73122685902343
-1.19330993489982
-1.18317437227032
-2.18484541223610
1.70499422387453
-0.96273176230617
0.71273464137350
-1.35186547243589
-1.44248257458326
-0.07238547227922
0.39325753105490
-0.52472477756661
0.39904773672998
-0.09348506810772
0.68714840835293
-0.98159922425710
-0.35223651274677
-0.33923805939930
1.21442982704119
0.33857994216428
-1.27160270664450
-0.09495476172071
-0.35874085005314
0.48142600035361
-0.17241335156020
0.25768465607319
2.17943975244623
0.49445316358211
0.68424889244337
1.50464115920693
0.97005292119927
1.69039467614628
0.98445055726191
0.18530595544042
-1.95469052901244
-1.12297851132368
0.15595950146949
-0.68260217676060
-0.44903233621690
1.75840527320206
1.35189838304739
0.84160933449939
-0.90035028797591
-0.43723307384049
-0.35989941487084
0.40815452086188
0.84717086602336
0.45599672452360
-0.35530377335628
0.03001792311204
-0.57850961833191
0.38936231908824
0.25163673621213
0.95570971349055
-0.44355438856574
1.96543784577653
-0.61546568275218
-0.27287032700743
-0.19339066706290
1.55415636792507
-0.33317244720327
-0.91523590540292
1.29399293674808
0.83319148925747
-0.12843647512069
-1.16654983496598
-0.35045861748534
-0.14941986005261
0.92931195904003
-0.85063133102405
-0.03736909387511
0.36953740770441
-0.32499463824788
-0.23871105734199
-1.67202680542694
1.50632160133977
-0.39109705499890
-0.43451209386555
0.18516684192474
-0.01919270214587
-0.93880889794734
0.99607777595337
0.09329545921334
1.06467869415166
-1.32046564590208
0.96665872631904
-0.11422041995182
0.76350794395595
0.33400197761785
-1.23762911243254
0.10551744518127
-0.55058164873653
-1.00090185133782
-1.18892659954211
-0.84590741239763
-0.38919899677355
0.96330427749236
-1.37430978118177
-1.86594556684883
-0.43025174850144
-0.49687800952088
-0.27653216164398
-0.65541761957827
0.34448916294821
-1.21530034263399
-0.69952471354023
-0.32497770261251
1.70086521268863
0.30679263887312
-0.68254428574934
0.37437555304467
-0.23900405654637
0.90528544080690
-0.39161424962413
-1.24856642458987
1.53686964909400
-2.72429392520538
0.75168884301171
0.30558330160826
-1.18078451146408
0.32285137536137
-0.08297751335566
0.98040835279059
-0.23993206873533
1.16492498161500
-2.03833586351869
1.66377194675793
0.53422396841190
1.16381463322966
-1.15336260299821
0.03322193819714
0.28116908496300
-1.12485330790507
1.02977159341321
-0.28548902053642
0.13348091446491
-0.29833611673598
-0.88629421213935
0.85860728372755
1.82628332256632
1.18043610601706
0.93079893893134
0.42128235354148
-0.19266930091785
0.96473441504163
1.47504238014810
0.44774459975201
1.54645054300616
-1.12357551796528
2.08329220120017
0.84013883762068
-0.47793285617509
-0.53385700589691
0.07521715391205
-0.79983147317536
-1.55694076025716
0.34845508744402
0.11154654068479
-0.34368597825229
-3.08709238147693
-0.54993385614359
2.65870786721758
-0.45063506134350
1.82093745554841
-1.54011115596635
0.50034633534977
-0.31966916766002
-0.78620169767467
-0.93287926769484
0.69871796886377
0.18272016159385
0.65019745503096
-0.13652679237375
-0.31609673812804
-0.72061833959102
-1.52358816681597
0.37916013383268
1.13700462325337
-0.43204370999338
1.35655158541936
0.41089929612861
-0.97938968799049
-1.44100983507978
-0.32527704598628
-0.95232555873335
-1.29658091221777
0.90151669872064
0.95310893419809
-0.87662104371778
1.13046374178047
0.67133809471100
0.44584089445222
3.05958565979245
0.44992534045592
-0.27496862470869
0.18055763057459
-0.58108306423811
0.00333007797754
0.43091138472357
-0.11714457027481
0.99336831830133
-0.28075814073941
1.69264765861102
0.78699635844072
-1.05903174218677
1.21295212591670
-0.03559189105201
0.21752178073745
-0.79140292470874
-0.97697642025397
-0.61911520344164
-0.99301363527449
0.76932699036288
0.03223837028828
-0.19309295443496
-0.22216451783765
0.18471119747717
-0.72926397096797
1.93530350035769
0.02841916541961
-0.06004652430306
-1.04568800518554
0.89408484655157
1.80559204137213
-0.06028376708752
-0.31435707086434
-0.33606590765345
-1.16424809543614
-0.68481645345912
-1.28305288184576
0.06355709818357
0.12527173670254
-0.89724971582054
0.32338346323156
0.29995258492415
-0.59895165665026
-0.55712815306947
0.60432890504800
-1.32922294192446
0.58069309200192
0.23828568739737
0.49009536648639
-1.18700441587111
-1.49512464995269
0.68138490881835
-0.53664411769092
0.42853239291745
1.19011578578042
-3.13736625953455
-2.31941098455312
0.50352766993620
-0.57465034004983
0.44385378875018
-1.86547516419807
0.16885555217455
-0.70411355872830
1.13914159878117
-1.28310697492357
0.77654736432086
0.96507460156692
1.11575388308417
-0.48223063046217
0.16253843259185
0.53710762296669
-0.27264386614442
1.21680871127956
-1.07780002806233
-0.71067992258383
0.70333872768252
1.94555126779971
-0.68133081620621
0.27619501821520
0.51942297281671
0.57499288654653
-0.65052972252040
-0.46264078815591
-1.28850990035036
-1.73590875684093
-0.68499027783283
0.16509295867993
-1.78142873513579
-1.35658279962679
1.47701665595035
0.39997468115761
1.37459468486467
-0.03563941551169
-0.46899858884001
1.14620097593693
0.31811379609542
-1.56992773458824
1.58431039498388
-1.69992791521360
-0.61007868433840
-0.70242468020992
-0.87122214113885
0.75285643746744
0.85674939204787
-0.31332698991211
-1.59251935295412
1.10286032227001
0.14608870313786
1.71636584527621
-1.40531828645864
0.16672601139486
-1.85121828124449
-1.15402470862215
0.03192412901294
-0.93819619758902
-0.87884025409764
0.81480142418984
1.46003949058244
-0.54187910190871
0.70653089215352
0.90301124653919
1.26542718767441
-1.61435910249798
-0.42960498967655
-1.23295085096404
-0.78975948635012
0.63437052985391
-1.25825478800491
-0.04110014487109
-1.31025341633253
0.05331934804717
-0.91520938785524
-0.81256879391734
0.20327361496318
2.44476883320360
-1.06179465961726
0.27186344343790
1.40268473858139
1.33057690985993
-1.20565781519080
0.59116473774946
-1.20184830259618
-0.52902016021731
0.25607726036388
-0.44381835611715
0.19029057919527
-1.25572948262828
1.10123742003983
-0.78005581478591
0.55694900618724
-0.43945991501187
-0.50427156477434
-0.21332305959115
-1.86683378781510
-0.89240969945323
0.67035285647509
1.28833860731141
0.65710859962604
-1.70319166160337
-0.85481846698319
-0.69230876615844
2.41816962250423
0.52711242135945
2.16905360723336
-1.01161380857770
0.64064841700748
-1.27027634683544
1.66058480164995
-0.71705274177578
-0.21843375042939
0.12741005054089
0.85426710073569
1.09568175817639
-1.62626390933351
-0.31357833664565
0.51458453224720
-2.14209266106696
0.89698677318962
0.03495613254372
0.75738992065070
0.79996951846404
-1.44284010512887
1.22322305535116
0.34455848268446
-0.49917939328550
-0.27529405815308
0.56858102631223
1.48796658939122
0.44284070303796
-0.23137162776262
-0.19859796306053
-1.74976593244344
-0.54308330199825
0.42676248048747
0.78384177982055
-0.53203959135899
1.05855656930178
-0.70292094801689
-0.48158387349992
0.61105705872693
-1.46922609138732
1.31075667324977
-1.04573100760846
0.30602101437097
-0.11764916410560
-0.55598175551555
1.68322334749774
-1.45752748588916
0.48962858481781
0.04755315699035
-1.21607449521128
-0.16498960748547
-0.32530943785110
1.94481349081956
1.46649549969775
-0.39925777651335
-0.70983150401610
-0.08495150929548
0.98335801529855
0.19352445341345
0.22649096940946
0.10848386730463
-1.02143351269021
-1.05700704737427
-0.69877046146373
-0.09703993149895
-0.31592762158994
-0.23587957035558
1.67942950207714
-0.62430196703612
0.72687970321946
-0.06861296532145
0.95057159380548
-0.71501833187184
0.12176069436677
1.39447505324822
1.17954698911847
0.22135774615284
0.69605041979628
0.64749506984255
-1.07405408195874
-0.53313779902325
-0.12318982422500
-0.49645984940997
0.97607611910257
-0.14706642932588
0.79288254249509
-0.65647759179421
-0.32868983658435
0.16315430596618
0.44082935873458
-0.31956039896214
0.07870890203803
0.65456255229868
0.06485252504463
-1.31982790553934
2.02868823382477
0.03903856269971
0.26585378975880
-0.90117826820406
0.73971073224196
2.42381732418380
-1.29007629551463
-0.51655876241464
-0.09310581399738
1.66891008320679
-0.39590090066004
-0.75904615025923
-1.89010590030351
1.14129130641990
-1.04287096208095
0.41429706449355
-0.18711178199719
-0.82509077565050
1.01028516749399
0.21116456678657
1.64783535555370
0.38940289401887
-0.00890000537452
0.08015411537148
-0.90227184719512
-0.21039826246463
-1.43926523506607
0.00840180041660
-0.15402757988965
-0.13221619563746
0.90345972585653
0.32157630115821
-0.12758003693427
-0.38567397761423
-1.17597388111799
1.10631764778230
-0.04558447284884
1.90202296706942
-1.25645619223661
-0.71884539291209
1.50293927616577
-1.85467372967614
-1.72838014956954
-0.76490349404742
-0.70803502607533
-0.93922230458782
1.06043289558051
0.86995442764366
-1.68310935920249
1.38429160434021
0.73828978638085
-0.74482900637427
-1.41164083611762
-1.45006925866477
0.75008624547631
-0.81717354516367
1.52841405036320
1.76480306767151
0.49289878667002
0.59789618877596
0.67854776171900
1.03595676647311
2.26870120748351
0.03556414881515
0.79261939357622
0.59061085599969
1.51838043076842
0.13844677532951
0.21412906666013
0.15767304839458
-1.04650774320891
-0.93167782571711
-0.54709452416147
-0.58226162734547
0.69329507355266
-0.48120310319644
-0.17208188919913
-0.40254306066900
-1.28085318127687
-0.99534642975561
0.91502717273078
0.31077235532495
0.59351211487945
1.87474941968673
-0.56413666371449
0.71009025848941
-1.08430062052063
0.35936752863199
-0.12057121336487
-0.81430619667019
0.35648559190169
-0.55133358368246
0.22232788439017
-0.43781527943807
-0.85571463818462
-0.68384675061509
0.52271167725451
-0.00133557431462
1.42375403708953
-1.35603216446751
-2.06888736741100
-1.84639856864065
-0.34849374385015
0.57779246688718
-1.19131382982773
0.32507700488208
0.55119290787317
1.55533615339330
1.47940283384146
-2.53617867526420
-0.86401555168629
-1.95028027982930
0.29338122498867
-0.59137638918654
0.42825981715147
-0.77209068311941
-0.04885716040100
-0.46043204025386
1.11896283883553
-0.61219176306026
-1.72012656075886
1.43076960017475
-0.67456995820374
-0.66499574559973
-0.23754010314007
-1.63042565278263
0.91330781668113
2.07404369864336
-0.96879937731139
-0.83518713611885
-1.37083800247444
-0.32724395130167
-0.26857846615304
2.20475239176525
-1.36789649416129
-1.69383332258735
1.23792621085324
1.14078115026503
-0.30941282646238
0.11293693311184
0.39844844741674
2.58519342801776
-0.64400252497010
1.64798865078389
0.57705686407958
-0.12814330455295
0.17228094542971
1.42833207474478
0.28801068770141
-0.80587123791029
-0.59181712921328
-0.68164179645555
0.63156802655736
0.28958093015923
-0.50415906380124
0.35614417556494
-1.40488917073463
0.64733255870982
-0.68507886057956
-0.26033949677848
1.10703586466007
0.97964332158661
0.23154733480492
1.46205930014237
0.61901124036825
-0.66263121676754
0.49803471076211
-0.58928813253962
-0.46466369203509
0.00398552278242
0.71056856294655
-0.36486055392998
0.33164505256882
0.69248819104046
1.08091319682119
-0.76919493860062
-0.10247616986859
-0.94859382368093
-2.10493919677331
-0.58651350978134
-2.30801789849439
0.09044319767991
-0.19294442431673
0.52232832858447
-0.46925055210909
0.96042341830229
0.59886137377418
2.22902052208270
-1.43285659394826
0.44725613922219
-1.87743990024433
-0.72735376270830
-1.85340602502851
-0.07478181136529
1.77912361723330
0.16893522076725
0.67420917594536
-0.49243113002387
0.94196033521647
0.55208791538705
-1.52009356511761
0.24311728786822
1.20013469187549
-0.81486878768302
1.33423946301185
1.20392939085324
-0.37637141969817
0.00557413511238
-0.21083340384571
-0.00455340976108
0.60181851340542
-1.37645947438500
-0.09532401342659
0.09066565152754
-0.41020708876206
0.92929569581956
-1.19662034520722
0.94535107069898
-1.68468732046182
0.15458178806798
-1.11581425281047
1.55111242902983
0.75873842218832
0.26082745113449
-0.13340879843263
0.82284334573096
1.39130409359527
-0.33720291468184
1.37421804637379
1.66392336583879
-0.47627760724922
-0.13047194486971
1.52927419893875
0.65843525233606
1.72063690736919
0.82623794806480
0.06988299222192
-0.20966024380627
-1.45326170672349
0.80173993660218
0.51506509236762
-1.63131990266560
1.81494520363163
-1.02005658858458
0.62188942945650
0.00604564464001
-0.85477041027265
0.96829974417030
0.07716552497687
0.85534587682008
-0.10960929054283
1.60576818771929
0.67013851165312
0.05005275926090
0.96162135338486
-0.40742086125883
1.22664543251816
0.76014754351235
-0.44789272660757
-0.79758093263841
-0.44238626605011
-0.95690573284258
-0.98272925241977
-0.49225208838110
0.73808331495993
0.07731887701774
0.05077836944292
-0.21181485625534
-0.28620045692017
-0.98994259023571
1.01752172131907
2.21115834834574
0.32240385344364
0.52985045291942
0.64565119223932
0.15969878256307
1.84629012590567
-0.36047225322596
0.64285439701884
1.59011162472429
1.22174880151718
0.25590404181550
0.91758817477039
-0.62722376996056
-0.37927177472938
1.71157157640512
0.63840624906048
-0.07428933543819
0.43856121433832
-1.84751244254760
1.46403644069286
2.70766907357968
1.36351724358439
-2.79409166089915
0.66343523313451
1.07090645379895
1.93393343451150
-0.34030053873560
1.26885836118313
-0.18802489162796
0.48554629249757
-1.00716932164839
1.53253822938192
-0.63396124524714
-0.42794267620330
1.90542594618417
0.81763638035284
-0.51206945418942
1.25604033062982
0.08305021844946
0.43360630023927
0.01134051429636
0.79853842211819
1.92337306864717
1.06752357774764
0.65970787203857
-0.06527599974781
-0.27877046646493
0.79336059596080
-0.63123966037819
-0.76860622818051
-0.79065618374881
0.31552104806319
0.28036341456713
0.65109788423921
0.26755567233430
-1.30085082645568
1.99673995887709
0.87081108003427
1.39603134868482
-0.07021670558966
-0.13001281587873
0.68286483347549
-0.21056663766995
0.65356982902324
-0.81969050914966
1.82982846574384
-0.24042870301773
0.16814286223061
0.08620853912374
0.15785448586468
-1.68781668445459
0.83193535768983
0.97618576836595
-0.32293353570762
-1.14873792098311
0.69970432189280
-0.09869991852841
1.22048362075374
-0.39692445257535
0.94337952320621
-0.13225703878899
0.56521278552954
0.74634552781766
-0.11092284140686
-1.64648808708716
0.62730600434695
-1.42570987968971
1.87063770409237
-1.07812834860670
0.19619144229041
-1.25646625378005
0.97726235072001
-0.01247166470274
-0.95897261796471
-1.31308484697392
0.27311242710478
2.31240906441231
-0.39059624932268
0.76527929714196
-1.32764629988356
-0.44414495278343
-2.28546950420619
0.09015945489060
0.17244138064442
0.28305705184259
-0.41946395366428
0.30546882809394
0.29806168577544
0.43492525277423
1.46753062376172
-0.12207508698202
-0.80040763914604
0.98614364396135
1.60396836819312
0.27790657583527
-0.74702754325561
0.21299532391736
-2.52538352204737
-0.04519665196780
1.44121915075985
-0.15151503130399
0.02089511790355
0.58591558392435
-0.09748959825257
-1.21401226903033
2.29608058384437
-2.37481206300427
0.07891936790148
1.19170383326323
0.59167206827163
0.88755849976445
0.94338389949099
1.43736915729817
-0.74030656774542
0.15617027280674
-1.15915252741387
0.62092882982498
0.29933915347761
-0.34855380204905
-1.14565053076746
0.14408233954761
0.01412076689961
-0.40707953712301
-1.35983529983081
1.31266863425852
0.13202377461457
1.28749135755351
0.34491007418600
-1.19437661310396
0.14496826247544
0.54713968073350
0.08653914466805
-1.18029193216017
-0.40231287591267
0.16358157813716
0.82170890356494
0.79438250409178
-0.02438292839768
-1.88722997293213
-0.00543576665476
-2.66374932726088
-0.99756766017413
0.64047296095661
-0.41404347746356
-1.79539170525753
0.31837468143477
0.95579388223393
1.23531765129199
-0.13987616735505
-0.85513423190226
0.91996425060554
0.82327395809035
-1.66670809158436
1.10611488349089
2.01101229899144
-0.47808069571763
-1.63053422404012
1.14202912158427
1.07287412373017
-0.86436361906322
0.22681429759917
1.03691120587146
0.89880756190922
0.50178357004271
0.92648505183239
-2.31262324858113
-0.39192313905429
0.34207162696033
1.14811204054770
1.10133801219116
0.79049543002178
1.21341077993317
-0.34078360364809
0.03070705804541
1.25659388315705
1.24479008523970
-1.71468273769817
-1.29430111744176
0.98515998105759
0.32090184759391
-1.13190094806808
-0.08304516229920
-0.34587481680600
0.71857542764329
0.93285290521237
0.44692215716789
-0.89216688875675
-1.40586824035545
