1.12461457966111
-0.44524304589501
0.51327512437165
-1.28341800546433
-0.42888772041951
0.20866189487682
-0.48958642291351
0.00927845202818
1.18979618986593
-1.77904045338698
-1.22597309864404
0.38616622955825
1.40627974290693
0.44041545663048
-0.84328585995514
0.32584703030337
0.61080244584512
-1.49946420523313
1.69195820376834
-1.45034823168551
0.66056143709485
1.07039153346344
-0.65790580197140
-1.32579948349195
-1.56388948790910
1.17786663173599
-1.00950093847211
-0.87276557547635
0.92876213226875
0.52264549514402
0.03234129540266
1.57694570048570
0.06473690646921
0.30607521548219
0.52614792367730
0.28516295286136
-0.88763716765104
-0.50728846830655
-1.58800494279154
-0.24374009074817
-1.24883523920962
0.54160068535321
-0.10187238319864
-1.54704941555255
-0.66995926837901
-0.69250763565884
0.28870891187746
-0.71130056153578
2.03444176122287
-2.28431807099111
-1.32489518789802
1.39614378912195
-0.70104105151307
1.05272327039983
1.60172317251643
1.02641543048733
-0.80805930905419
-2.03174774909008
0.48470921045389
1.63245774881563
0.50290465471470
0.42199466210883
-1.25442870811300
1.04527178595088
-0.69110428480948
0.90302824643582
-1.19332871501955
-0.16115073215270
-2.44780447308338
-2.46607953192018
1.17398196187521
-0.78511927453108
0.59833572460261
1.03369926197161
0.20357239628377
0.35561962954496
0.81857224498809
-1.28255174974098
-0.16258290184782
0.49924115068244
0.38135570445161
-1.22156974776721
1.69725248995109
-1.18513040718861
-1.63024807471328
0.27048557078023
0.27064522228699
-1.60256389742836
2.08341796979467
1.64765091969057
0.30140623883410
0.81610670910036
0.73885307355730
0.59228208968056
-1.99017233540778
2.04932261866020
0.72244323637450
-0.72849758003303
-1.85956335759701
0.89273061179217
